14 0.302000 0.834500 0.312000 0.303000
14 0.238000 0.491500 0.292000 0.309000
14 0.194500 0.262000 0.257000 0.222000
14 0.397500 0.143000 0.269000 0.254000
14 0.571000 0.297000 0.270000 0.274000
14 0.779500 0.469500 0.311000 0.261000
14 0.098500 0.644500 0.191000 0.275000
14 0.151500 0.110500 0.205000 0.135000
14 0.821500 0.117500 0.197000 0.155000
14 0.840500 0.258500 0.175000 0.181000
14 0.965000 0.395500 0.070000 0.205000
14 0.966000 0.607000 0.068000 0.230000
14 0.500500 0.659000 0.351000 0.362000
14 0.806500 0.769000 0.313000 0.334000
14 0.397500 0.359000 0.141000 0.202000
14 0.041500 0.432500 0.081000 0.183000
