14 0.228435 0.459233 0.140575 0.127098
14 0.233227 0.607914 0.124601 0.127098
14 0.238818 0.778177 0.135783 0.160671
14 0.368211 0.814149 0.097444 0.227818
14 0.496006 0.810552 0.107029 0.225420
14 0.615815 0.803357 0.097444 0.201439
14 0.751597 0.767386 0.132588 0.172662
14 0.773962 0.586331 0.138978 0.146283
14 0.776358 0.399281 0.124601 0.117506
14 0.762780 0.196643 0.116613 0.172662
14 0.623003 0.167866 0.086262 0.177458
14 0.496805 0.151079 0.073482 0.211031
14 0.368211 0.158273 0.081470 0.206235
14 0.246805 0.170264 0.113419 0.187050
14 0.221246 0.308153 0.135783 0.146283
