2 0.372587 0.489691 0.281853 0.453608
2 0.370656 0.842784 0.262548 0.314433
2 0.658301 0.520619 0.305019 0.474227
2 0.262548 0.164948 0.293436 0.319588
2 0.090734 0.373711 0.173745 0.500000
2 0.691120 0.211340 0.277992 0.381443
2 0.880309 0.476804 0.239382 0.396907
2 0.615830 0.917526 0.266409 0.164948
2 0.501931 0.108247 0.216216 0.206186
2 0.801158 0.817010 0.297297 0.365979
2 0.158301 0.860825 0.208494 0.226804
2 0.563707 0.744845 0.185328 0.211340
2 0.930502 0.134021 0.138996 0.154639
2 0.851351 0.175258 0.111969 0.206186
2 0.942085 0.237113 0.115830 0.164948
2 0.934363 0.783505 0.131274 0.309278
2 0.135135 0.958763 0.262548 0.082474
2 0.040541 0.804124 0.073359 0.329897
