2 0.223636 0.363388 0.185455 0.224044
2 0.056364 0.560109 0.105455 0.245902
2 0.107273 0.896175 0.163636 0.207650
2 0.303636 0.743169 0.163636 0.251366
2 0.060000 0.120219 0.112727 0.229508
2 0.369091 0.084699 0.185455 0.158470
2 0.456364 0.428962 0.156364 0.245902
2 0.621818 0.169399 0.160000 0.262295
2 0.545455 0.841530 0.189091 0.240437
2 0.669091 0.562842 0.152727 0.251366
2 0.865455 0.390710 0.174545 0.224044
2 0.903636 0.098361 0.170909 0.185792
2 0.805455 0.879781 0.170909 0.240437
2 0.936364 0.696721 0.127273 0.267760
