2 0.164375 0.737500 0.133750 0.238333
2 0.069687 0.800833 0.133125 0.255000
2 0.212500 0.833333 0.125000 0.223333
2 0.762813 0.146250 0.158125 0.259167
2 0.871875 0.326250 0.173750 0.299167
2 0.490000 0.563333 0.127500 0.230000
2 0.724063 0.564167 0.154375 0.253333
2 0.570000 0.734167 0.107500 0.236667
2 0.647813 0.753750 0.070625 0.200833
2 0.366250 0.247500 0.163750 0.271667
2 0.230313 0.280833 0.140625 0.270000
2 0.207187 0.420000 0.138125 0.148333
2 0.346875 0.455000 0.165000 0.246667
2 0.122500 0.968750 0.048750 0.062500
2 0.073750 0.982083 0.042500 0.035833
2 0.086875 0.948333 0.051250 0.066667
2 0.026562 0.968333 0.049375 0.063333
