2 0.121923 0.657427 0.242308 0.287657
2 0.056154 0.399582 0.110769 0.259414
2 0.247308 0.407427 0.277692 0.266736
2 0.119231 0.145397 0.233846 0.278243
2 0.403846 0.150628 0.270769 0.294979
2 0.245385 0.834205 0.289231 0.141213
2 0.537692 0.412134 0.307692 0.276151
2 0.379615 0.662657 0.300769 0.268828
2 0.678462 0.658996 0.306154 0.267782
2 0.921538 0.663703 0.156923 0.275105
2 0.825000 0.826883 0.291538 0.153766
2 0.534231 0.827929 0.273077 0.155858
2 0.685000 0.160042 0.276154 0.290795
2 0.823846 0.402197 0.270769 0.308577
2 0.910769 0.154812 0.178462 0.290795
2 0.047308 0.835774 0.088462 0.133891
