4 0.162921 0.596800 0.223471 0.291200
4 0.272784 0.844000 0.223471 0.305600
4 0.302122 0.351200 0.229713 0.286400
4 0.614232 0.616000 0.224719 0.284800
4 0.495630 0.852000 0.229713 0.292800
4 0.722222 0.848800 0.223471 0.302400
4 0.098627 0.339200 0.189763 0.294400
4 0.047441 0.113600 0.092385 0.224000
4 0.198502 0.124800 0.252185 0.246400
4 0.431336 0.123200 0.245943 0.233600
4 0.653558 0.114400 0.218477 0.219200
4 0.742197 0.344800 0.253433 0.324800
4 0.882647 0.129600 0.234707 0.256000
4 0.084270 0.837600 0.161049 0.312000
4 0.939451 0.353600 0.121099 0.307200
4 0.519351 0.353600 0.212235 0.300800
4 0.841448 0.612800 0.222222 0.339200
