6 0.405000 0.789000 0.330000 0.314000
6 0.127000 0.803000 0.246000 0.274000
6 0.150000 0.500000 0.272000 0.244000
6 0.409000 0.347000 0.270000 0.250000
6 0.404000 0.561000 0.224000 0.166000
6 0.804000 0.813000 0.232000 0.266000
6 0.748000 0.513000 0.264000 0.250000
6 0.649000 0.126000 0.250000 0.248000
6 0.213000 0.155000 0.218000 0.202000
6 0.417000 0.151000 0.194000 0.182000
6 0.859000 0.168000 0.186000 0.160000
6 0.708000 0.355000 0.228000 0.182000
6 0.909000 0.370000 0.182000 0.192000
6 0.945000 0.538000 0.110000 0.220000
6 0.180000 0.312000 0.216000 0.180000
6 0.820000 0.060000 0.164000 0.104000
6 0.414000 0.038000 0.208000 0.072000
6 0.134000 0.961000 0.248000 0.078000
