7 0.124219 0.434722 0.226562 0.269444
7 0.099219 0.163889 0.196875 0.300000
7 0.238672 0.841667 0.247656 0.316667
7 0.329297 0.402778 0.192969 0.536111
7 0.500391 0.622222 0.344531 0.511111
7 0.867578 0.759722 0.264844 0.241667
7 0.554688 0.187500 0.206250 0.372222
7 0.326172 0.054861 0.160156 0.106944
7 0.059766 0.715972 0.117969 0.234722
7 0.723828 0.377778 0.155469 0.422222
7 0.919141 0.443750 0.161719 0.265278
7 0.825000 0.138194 0.235937 0.268056
7 0.962109 0.156250 0.075781 0.248611
7 0.932813 0.939583 0.134375 0.120833
