7 0.559688 0.857778 0.094375 0.260000
7 0.707812 0.845556 0.154375 0.280000
7 0.697500 0.606667 0.092500 0.282222
7 0.861250 0.438333 0.160000 0.212222
7 0.832812 0.762222 0.136875 0.186667
7 0.243750 0.593889 0.088750 0.265556
7 0.229063 0.788333 0.181875 0.263333
7 0.435000 0.144444 0.090000 0.262222
7 0.290000 0.305556 0.088750 0.328889
7 0.434375 0.390556 0.120000 0.214444
7 0.584063 0.245556 0.099375 0.282222
7 0.667188 0.251111 0.070625 0.208889
7 0.366250 0.167778 0.060000 0.166667
7 0.353750 0.480000 0.097500 0.148889
7 0.475625 0.527222 0.131250 0.132222
7 0.530625 0.170000 0.083750 0.131111
7 0.499063 0.342222 0.089375 0.231111
7 0.615313 0.416667 0.139375 0.191111
