9 0.161818 0.737705 0.243636 0.371585
9 0.120000 0.322404 0.181818 0.360656
9 0.243636 0.535519 0.174545 0.306011
9 0.072727 0.587432 0.138182 0.398907
9 0.072727 0.893443 0.138182 0.213115
9 0.258182 0.912568 0.189091 0.174863
9 0.463636 0.797814 0.207273 0.338798
9 0.410909 0.475410 0.218182 0.371585
9 0.285455 0.202186 0.258182 0.371585
9 0.610909 0.500000 0.210909 0.387978
9 0.683636 0.775956 0.196364 0.327869
9 0.885455 0.688525 0.192727 0.306011
9 0.794545 0.418033 0.192727 0.366120
9 0.934545 0.346995 0.130909 0.366120
9 0.592727 0.942623 0.203636 0.114754
9 0.525455 0.248634 0.207273 0.300546
9 0.705455 0.191257 0.189091 0.306011
9 0.823636 0.172131 0.120000 0.289617
9 0.921818 0.112022 0.156364 0.213115
9 0.332727 0.795082 0.134545 0.333333
9 0.969091 0.822404 0.061818 0.355191
9 0.814545 0.909836 0.240000 0.180328
9 0.592727 0.068306 0.240000 0.125683
