9 0.191250 0.182500 0.225000 0.321667
9 0.151250 0.586667 0.275000 0.350000
9 0.437500 0.242500 0.210000 0.251667
9 0.473125 0.520833 0.228750 0.295000
9 0.110000 0.885833 0.192500 0.228333
9 0.296875 0.936667 0.246250 0.126667
9 0.335000 0.747500 0.275000 0.251667
9 0.302500 0.466667 0.200000 0.280000
9 0.642500 0.324167 0.227500 0.308333
9 0.721875 0.545833 0.261250 0.405000
9 0.886250 0.684167 0.227500 0.405000
9 0.741250 0.106667 0.212500 0.210000
9 0.918125 0.136667 0.163750 0.270000
9 0.813750 0.873333 0.220000 0.253333
9 0.782500 0.279167 0.165000 0.218333
9 0.581250 0.816667 0.272500 0.336667
9 0.540625 0.080000 0.203750 0.156667
9 0.907500 0.375833 0.185000 0.248333
