10 0.514228 0.348577 0.264228 0.591463
3 0.244919 0.722561 0.103659 0.262195
3 0.339431 0.778455 0.146341 0.170732
1 0.320122 0.547764 0.152439 0.128049
1 0.368902 0.493902 0.107724 0.081301
4 0.410569 0.418699 0.085366 0.121951
4 0.739837 0.593496 0.130081 0.097561
4 0.453252 0.769309 0.109756 0.079268
7 0.287602 0.642276 0.058943 0.089431
7 0.409553 0.570122 0.058943 0.099593
7 0.607724 0.620935 0.056911 0.067073
7 0.463415 0.693089 0.069106 0.077236
7 0.383130 0.733740 0.087398 0.085366
7 0.459350 0.797764 0.060976 0.103659
7 0.665650 0.701220 0.054878 0.097561
7 0.651423 0.799797 0.067073 0.103659
7 0.725610 0.648374 0.065041 0.105691
6 0.558943 0.796748 0.134146 0.138211
6 0.755081 0.759146 0.123984 0.140244
6 0.394309 0.670732 0.138211 0.126016
8 0.618902 0.444106 0.087398 0.136179
8 0.691057 0.535569 0.121951 0.095528
8 0.658537 0.653455 0.085366 0.148374
8 0.552846 0.670732 0.126016 0.138211
