10 0.678077 0.352764 0.180769 0.621106
3 0.846923 0.717085 0.227692 0.177889
11 0.403462 0.546231 0.353077 0.244221
12 0.538846 0.615075 0.237692 0.291457
1 0.108846 0.655276 0.150000 0.166834
4 0.688077 0.722111 0.130000 0.181910
4 0.645769 0.774372 0.131538 0.159799
4 0.481923 0.816583 0.102308 0.113568
4 0.520385 0.764824 0.077692 0.078392
4 0.575385 0.812563 0.087692 0.115578
13 0.283077 0.660302 0.212308 0.164824
14 0.256923 0.815578 0.072308 0.093467
14 0.350000 0.806030 0.107692 0.120603
14 0.216923 0.768342 0.041538 0.097487
14 0.278846 0.757789 0.090000 0.060302
14 0.351154 0.744724 0.070000 0.076382
